12119587
12118225
12115777
12154458
12146105
12135164
12220100
12146073
12188157
12218665
12222951
12242796
12187718
12085607
12133145
12207522
12073893
12132362
12268641
12192894
12199834
12212836
12182026
12162109
12221511
12215263
12205673
12212478
12259499
12396308
12196331
12184836
12206557
12209463
12132664
12210858
12224531
12234946
12252265
12164143
12162202
12151025
12115048
12183466
12221058
12221392
12196851
12128888
12363786
12279666
12237724
12204308
12249228
12279823
12315082
12248722
12160270
12285060
12317805
12277085
12226117
12214478
12331513
12253917
12225690
12272669
12356414
12285834
12281292
12290306
12252692
12317254
12218423
12220585
12247984
12272434
12308101
12217357
12245873
12327872
12290897
12242792
12305779
12389116
12269917
12303839
12359286
12365588
12419162
12236434
12307000
12274994
12322736
12289995
12349516
12348736
12327717
12462526
12425124
12271214
12326505
12390997
12441975
12436957
12417243
12261825
12388639
12331380
12456933
12441610
12327450
12393069
12368962
12364033
12399095
12304403
12427010
12317952
12431264
12414670
12362078
12502622
12486532
12366899
12329397
12368609
12449493
12392186
12466739
12484582
12462647
12489186
12412723
12340622
12407661
12355510
12382685
12431322
12439804
12364734
12551213
12474403
12332919
12530205
12450782
12373959
12451250
12484281
12531969
12467110
12598098
12595695
12418579
12471196
12435935
12548425
12489416
12435936
12494257
12419263
12383931
12457594
12431608
12566065
12577555
12513042
12527384
12571136
12575722
12552784
12534009
12516878
12503416
12423299
12491996
12599043
12544007
12560781
12439925
12513701
12516976
12608242
12545948
12585283
12627930
12567359
12512044
12552623
12528613
12537074
12597197
12485811
12558669
12601181
12504516
12584288
12566271
12663141
12599642
12716592
12606280
12641549
12689127
12597264
12634249
12565161
12676856
12627504
12664844
12612186
12642305
12626685
12599699
12674286
12684256
12566427
12638915
12613767
12612189
12631948
12618548
12607615
12715990
12560410
12771607
12646787
12596794
12674283
12782041
12631124
12640684
12719830
12737299
12685810
12614921
12783509
12690724
12760930
12608979
12644817
12658714
12703346
12598567
12700162
12654686
12757965
12777237
12768773
12856877
12702140
12659294
12700210
12624759
12708271
12608050
12726401
12757700
12825265
12817256
12751625
12740663
12734768
12762503
12633707
12728972
12667969
12795037
12756566
12849537
12750815
12774305
12627271
12733587
12819993
12828869
12715417
12644761
12688884
12744614
12680254
12887025
12685775
12889138
12854659
12762696
12780091
12893153
12776288
12853980
12797257
12854119
12755787
12918771
12828565
12864035
12914414
12795853
12810504
12877427
12801544
12767532
12858767
12779913
12775195
12755327
12841753
12894553
12861832
12971107
12885452
12861020
12836883
12817352
12853297
12803008
12802359
12895666
12879049
12850851
12769892
12884925
12815348
12923825
12886217
12827754
12915112
12869308
12860948
12828778
12797848
12926232
12762663
12879089
12834526
12980553
12881597
12944750
12821351
12806781
12871876
12937940
12956344
13043737
12891064
12894165
12935852
12967445
12950163
13000206
12944395
12888093
12901929
12881771
12989673
12959478
12923797
12929675
12905676
12931373
12985617
12950875
12952944
12974268
12990220
13094302
12929802
12915937
12840409
12956342
13035072
12959818
13026239
12975172
13019381
12987744
13023847
13052170
13116790
12910933
13028826
13027392
12987165
13025644
12970266
13088298
13083219
12999372
13025461
13014885
12967920
12967808
13040101
13104597
12918509
12995033
12991592
13015879
13094482
12998260
13134542
13085186
13043589
13170897
13120732
13020875
13073966
13148899
13139311
13050144
13087342
13106138
13098847
13053130
13045369
13090400
13213221
13098885
13061522
13109157
13089132
13196136
13129057
13101925
13240552
13037964
13004729
13130047
13120521
13133545
13122183
13207837
13102813
13096787
13188031
13097023
13070956
13204945
13139317
13278274
13205479
13178076
13248773
13062460
13160852
13056141
13176997
13206313
13204137
13259395
13137573
13187089
13145771
13100218
13225210
13171394
13165649
13214099
13182010
13242471
13207240
13234838
13130597
13239032
13214110
13177409
13324606
13254894
13263286
13265506
13307527
13335238
13302117
13240931
13249412
13277015
13230311
13295181
13238438
13329466
13246954
13305064
13191999
13253202
13283836
13245466
13318077
13229012
13254237
13182234
13102868
13166557
13404700
13342874
13244431
13310897
13328105
13335330
13289796
13246786
13439046
13297931
13281004
13284389
13261206
13440154
13313054
13254496
13356135
13417987
13259240
13363314
13304030
13402528
13391455
13411370
13295789
13435690
13290464
13441082
13416283
13351205
13314358
13268993
13433186
13420982
13385082
13398735
13371873
13369339
13402017
13487436
13444556
13398685
13344666
13357671
13480389
13519942
13342282
13508911
13442762
13301977
13510863
13388712
13575416
13514988
13358724
13468778
13431121
13393129
13478366
13397043
13465711
13500439
13570436
13478744
13448116
13440675
13499816
13394346
13518010
13523501
13625407
13543982
13408036
13441014
13585852
13389532
13363090
13346096
13448447
13481673
13491937
13592119
13550366
13499699
13499907
13613397
13465989
13501361
13567019
13442865
13508521
13521633
13475792
13567818
13472088
13597989
13562507
13600206
13536135
13564167
13634544
13676274
13616462
13588596
13515253
13629116
13565838
13631592
13586506
13650640
13673297
13623300
13619715
13701404
13579675
13572116
13608663
13552877
13613327
13517981
13577660
13649254
13666272
13615113
13569210
13643526
13713997
13607417
13684132
13677149
13755745
13611253
13707724
13615090
13632946
13731428
13658083
13582676
13653302
13572419
13600364
13514698
13596216
13693272
13695464
13712560
13712986
13771222
13822758
13704167
13700664
13768487
13665377
13746043
13691933
13736556
13729025
13734697
13734038
13663623
13708392
13801926
13726754
13673379
13797608
13799818
13862383
13908024
13818491
13789304
13702727
13649479
13750068
13780066
13868684
13722888
13702745
13672705
13789681
13754734
13815560
13868662
13772671
13780693
13734446
13802799
13892059
13725430
13847912
13734497
13825789
13683334
13816857
13730055
13864520
13847497
13812643
13884254
13773162
13790219
13786427
13902738
13830083
13812169
13839083
13773255
13869420
13856697
13831499
13849922
13828715
13926647
13924085
13754985
13899220
13943851
13830341
13813322
13884330
13933769
13811421
13852865
13909213
13931754
13864222
13929466
13966310
13843528
13961076
13911492
13884787
13804033
13955601
13820055
13791204
13926573
13969888
13903829
13935497
14025076
13955367
14003964
13864620
13960742
13936370
13979329
13907284
14006058
14102380
14011454
13952454
13965454
13939969
14098706
13936604
13948002
13958642
13956189
13868123
14088976
14020004
13980502
13983319
14062348
13925520
14124838
13942292
13952294
13977527
14048859
14101418
13994813
13952881
14033713
14012900
14068726
14028327
14032078
14007766
13991792
13995381
13982145
14066920
14074127
14117989
13993005
14053732
14064409
13944885
14005449
14042874
14113143
13971734
13973784
14057265
14104982
13923830
14169090
14085957
14077977
14162308
14029151
14073417
13986172
14147624
14034825
14024667
14063953
14181198
13971903
14125468
14045423
14024857
14051914
14108520
14163804
14121298
14107750
14029025
14046026
14222143
14139019
14144467
14218774
14220330
14144818
14215769
14112517
14091937
14202548
14165776
14008741
14230243
14126178
14179568
14080023
14116308
14066538
14089259
14150554
14089304
14135750
14236518
14155548
14206494
14294665
14097565
14201296
14175787
14257231
14095053
14099356
14204726
14191278
14137217
14226810
14273105
14186518
14129059
14137767
14080914
14171890
14290042
14199681
14217754
14265523
14240984
14256689
14241548
14183579
14250697
14221555
14127097
14287986
14206222
14332987
14302712
14241441
14326586
14238543
14144474
14385822
14367662
14268704
14238170
14302725
14341208
14345732
14251946
14248861
14310507
14292391
14362095
14201687
14177245
14221997
14345960
14390505
14353432
14308111
14265211
14255538
14292558
14315315
14366074
14318034
14201908
14329500
14434038
14238063
14347180
14283526
14402432
14366176
14470905
14423956
14409896
14439640
14361720
14355696
14337670
14348817
14267748
14395728
14342857
14489912
14390692
14478843
14460388
14393320
14404657
14503053
14500585
14471159
14475542
14340103
14459766
14384889
14490380
14374204
14370775
14400831
14388043
14563034
14519198
14496343
14432602
14479803
14585313
14436267
14418963
14336729
14372530
14405100
14509364
14522688
14416247
14475894
14353260
14474638
14499858
14479109
14360428
14483961
14512404
14486469
14527886
14549910
14430802
14537241
14458437
14497815
14509821
14540171
14527819
14532610
14464924
14552534
14488541
14616531
14511729
14461843
14458614
14542753
14564373
14558790
14602316
14513205
14586273
14596796
14692976
14542920
14628387
14610829
14569395
14596074
14512848
14668313
14618788
14655030
14516896
14503130
14481597
14534083
14653284
14602503
14576387
14529455
14654684
14647978
14643509
14641560
14603302
14611256
14523992
14553455
14715733
14641858
14573419
14528283
14651706
14680017
14533043
14597014
14597766
14671998
14618619
14570419
14702332
14473832
14764622
14624724
14613106
14762033
14732890
14661317
14610643
14591550
14727326
14769244
14664847
14749076
14736146
14697472
14623510
14697213
14719861
14694729
14741432
14833262
14703854
14801167
14672826
14691148
14705108
14746219
14716396
14728928
14735226
14692662
14731958
14614339
14708401
14662240
14690277
14690460
14849351
14736280
14754997
14794029
14735058
14693652
14645583
14693774
14793778
14671091
14789115
14709449
14889541
14779616
14750794
14874783
14736835
14837888
14804924
14854077
14808055
14858621
14794616
14804337
14773207
14782369
14818846
14838674
14807409
14743648
14828006
14787347
14822034
15028972
14957193
14787866
14823071
14854721
14932409
14827055
14842938
14881689
14775553
14892501
14852604
14770572
14782471
14739802
14902569
14905806
14832664
14947103
14887116
14846645
14868785
14882611
14879901
14875832
14905257
14805002
14854084
15007084
14976730
14732780
14881421
14886757
14914594
14872544
14982785
14976332
14982006
15039930
14950806
15080333
14965536
15061761
14974609
14895463
15028156
14981851
15022273
14931778
14982145
14931335
15031419
14897609
14956075
15022960
14889439
15029068
15045044
15088762
14942992
14966043
15076357
14919002
14948488
15062636
14973471
14854684
14862418
15114102
14937971
14996027
14951315
15064161
14897865
15014273
15084197
14970879
14935071
14959449
15023182
15013960
15006549
15164948
15077680
15028466
15151852
15022683
14968088
14868989
15102035
14922149
14994684
15038243
15134628
15103637
15063211
15023034
15180378
15107050
15101695
15089872
14976301
15105104
15096952
15050517
15170245
15026406
15171888
15148021
14964146
15061835
15030473
15215636
15184670
15198124
15103392
15128229
15161876
15149853
15160565
15087809
15196384
15240106
15126411
15133629
15097119
15147617
15130437
15082476
15177654
15207482
15100035
15253692
15132388
15245315
15152121
15176265
15221118
15282331
15226648
15124209
15270341
15230877
15206018
15201078
15206052
15197278
15200630
15172723
15217612
15165724
15363348
15229659
15256402
15133479
15138673
15220722
15219322
15429701
15142470
15251843
15212756
15288352
15213325
15222100
15303843
15245154
15309759
15244796
15271551
15255667
15214711
15332674
15383819
15360259
15332091
15318472
15274370
15343268
15388165
15374937
15260260
15186538
15236303
15355059
15290810
15213491
15433555
15309434
15253663
15352311
15313672
15340967
15223896
15284321
15418854
15266348
15324781
15458540
15378361
15298335
15305530
15393328
15473013
15394397
15444390
15225818
15346821
15443511
15305965
15380702
15408628
15425187
15383997
15433754
15428912
15297197
15380633
15363480
15453552
15350275
15362557
15328646
15356531
15464831
15337836
15447632
15363385
15490750
15487253
15420086
15479693
15426391
15449502
15383731
15494303
15443022
15393328
15509935
15472723
15563531
15446143
15520497
15485749
15420144
15522181
15543237
15439656
15536765
15563026
15533282
15400331
15495046
15470952
15331106
15308090
15563277
15539377
15437549
15506783
15521742
15485599
15421784
15513682
15563064
15627661
15516635
15586960
15532561
15522931
15482472
15554926
15523331
15546575
15541440
15585882
15540234
15485439
15504675
15484613
15553249
15583951
15571150
15657887
15646653
15634246
15559393
15680541
15612973
15522694
15553052
15586961
15586948
15551664
15632682
15586845
15645650
15490558
15604574
15562665
15602825
15623371
15584988
15654462
15690267
15625869
15669996
15599306
15730089
15547373
15583067
15442012
15593025
15638264
15629222
15541906
15713826
15677956
15686983
15711229
15614888
15588490
15525269
15647908
15674583
15664574
15723166
15535918
15631681
15704408
15777529
15653343
15761063
15696601
15573684
15710480
15689119
15649061
15698587
15596939
15656103
15630087
15791056
15708241
15586180
15778131
15683669
15758939
15804853
15736972
15772908
15644421
15744627
15782746
15727754
15764116
15695756
15745167
15650792
15728942
15622041
15727201
15715240
15652295
15680035
15671250
15786303
15753872
15775868
15665712
15687765
15673721
15846007
15717174
15698002
15817990
15842613
15797777
15913855
15871714
15683193
15871190
15950257
15764723
15724146
15836933
15616699
15968295
15790011
15867333
15855053
15849871
15878051
15906315
15792927
15722595
15783524
15870742
15862603
15690928
15895887
15735567
15799959
15916927
15870375
15800149
15796711
15885431
15825837
15844227
16056137
15831501
15971209
15833039
15878890
15947807
15808160
15984964
15779596
15764162
15843345
15787633
15935012
15783591
15847560
15943540
15919162
15838198
15741995
15946413
15891913
15918038
15956339
15846370
15868888
15894810
16022223
15819184
15918776
15982635
15936611
16011953
16019933
15949218
15833489
15856268
15926703
15926077
15971439
15942677
15909584
15959180
15951565
15927241
16083682
16006353
15942367
16040724
16023193
15946579
15877417
15997300
15974019
15897978
15892997
15915120
15884939
16023659
15962585
16065565
15935582
15923188
15935525
15956461
15870012
16021255
15969326
16018258
15955336
16067655
15973365
15957198
15979104
16086910
16023014
15965091
16035417
15975937
16103736
16078877
16040858
15945475
16031535
16051188
16008033
16076670
16133717
15945362
16147595
16137422
16074041
16078048
16075768
16022887
16049662
16002237
16135008
16037578
16133116
16058899
16106067
16060766
16073558
16003778
16057423
16169340
16094427
16048401
16019812
16115896
16163078
16144672
16102678
15996876
16232737
16145011
16166349
16116794
16131924
16086338
16079915
15982686
16114238
16272053
16052643
16184737
16267202
16132893
16162444
16102671
16168785
16128457
16107939
16250367
16030184
16203431
16169951
16162049
16210475
16101412
16146749
16141807
16241696
16217108
16248647
16208149
16159971
16326245
16185630
16218823
16289244
16225985
16166300
16230129
16298172
16213823
16246326
16174476
16284232
16293630
16155588
16273482
16258799
16297210
16359967
16263363
16277474
16423102
16156695
16247501
16314495
16238848
16295884
16265657
16249661
16195649
16324712
16259010
16219803
16467314
16436239
16267230
16358053
16295862
16422051
16232049
16269465
16303589
16366690
16354824
16316754
16411994
16371775
16263550
16337819
16226467
16435304
16429924
16302181
16262865
16374767
16361200
16322620
16431554
16201588
16369352
16391907
16248893
16339812
16368829
16452002
16399611
16282115
16376993
16450994
16199876
16447367
16472547
16330063
16469738
16313921
16459938
16416152
16327741
16502928
16339247
16441361
16405584
16384318
16496359
16332842
16397226
16371285
16444155
16435272
16378103
16535352
16516594
16525983
16466696
16536083
16436464
16461323
16387960
16432243
16359124
16405548
16453126
16526462
16487757
16414114
16504712
16619499
16387564
16412939
16563316
16463234
16522885
16597589
16561638
16523353
16598216
16440163
16337439
16531358
16427175
16342983
16538097
16501656
16546351
16595922
16442028
16421981
16336785
16536563
16439384
16455684
16539404
16470283
16437248
16580333
16603434
16487840
16562146
16523923
16549277
16520185
16536932
16370069
16495686
16631290
16473948
16614443
16493403
16528823
16555869
16607280
16591505
16604190
16562778
16570775
16522907
16513536
16656838
16559432
16633417
16476191
16620597
16512269
16603403
16686092
16746793
16640085
16648112
16687832
16685732
16562134
16657189
16677806
16574954
16670725
16670005
16592795
16595081
16632245
16686937
16595882
16625215
16668647
16626294
16715956
16749137
16595332
16608855
16648106
16760412
16616204
16729985
16778811
16759345
16701392
16636145
16761547
16623257
16732113
16660909
16760655
16722119
16671291
16770774
16699328
16585469
16694577
16733417
16624062
16646073
16762289
16637520
16765682
16621741
16754782
16748290
16725089
16684728
16766359
16705373
16774303
16767921
16703677
16772409
16756540
16829366
16739536
16677710
16744698
16733567
16823039
16732169
16810653
16922686
16810138
16763595
16713692
16802880
16836146
16816624
16842679
16722326
16849029
16779465
16803571
16744999
16787975
17008296
16797688
16790303
17001918
16790211
16868168
16875189
16814967
16874234
16897292
16904532
16832515
16808418
16997667
16813396
16746824
16806864
16832052
16861239
16969107
16850434
16705628
16852116
16887925
16947376
16784103
17081268
16855788
16753992
16786505
16917049
16780323
16939883
16845165
16901040
16876241
16975221
16872842
16868718
16901398
16831733
16862497
16904093
16810352
16881683
16933318
16915242
16975925
16899475
16826730
16881135
16949687
16883016
16937005
16924421
16754655
16968244
16886139
17047924
17066566
16866945
16931675
16915675
16887936
16914839
17054723
16922118
17067965
17155363
16971163
16961376
16986511
17046340
17090736
17009951
17000347
16980572
16950908
16995821
17080767
16835411
16947065
16993687
16982017
16945078
17014967
17031999
16921378
17063103
16925294
17022446
16936706
17048882
17177455
17097638
17108153
17004530
17195605
17046991
17021166
17078648
16893195
17039994
17103825
17031016
17000933
16987565
17060845
17086101
17077378
17100727
17098302
17151648
16903888
17085391
17032454
16983231
17118688
17108406
17131793
17139457
17160736
17128274
17252314
17058954
17112755
17077664
17085588
17266610
17112901
17149510
17067240
17218590
17148334
17156025
17190870
16998742
17145171
17180963
17127720
17119699
17151645
17125287
17076849
17128020
16999901
17352280
17138524
17160075
17030448
17265908
17179555
17179099
17215771
17280525
17272033
17166801
17168719
17231628
17176811
17189075
17321915
17127034
17242446
17197950
17344396
17134987
17204193
17265616
17204217
17306657
17307269
17286605
17288256
17311710
17323621
17200810
17258443
17282628
17174293
17119602
17186775
17261782
17317757
17192849
17178235
17220445
17331770
17240682
17245960
17206635
17361077
17250291
17440960
17281136
17338107
17242047
17266442
17281351
17294505
17272328
17249572
17338743
17277704
17302424
17368272
17337995
17225391
17329434
17336482
17201239
17270271
17364791
17380851
17289055
17215558
17463673
17316519
17331611
17362223
17347964
17377560
17403487
17323812
17313475
17223253
17312512
17342984
17493671
17406763
17267669
17580388
17391220
17342381
17365059
17420584
17353802
17334047
17437253
17440620
17412415
17396128
17326040
17436904
17381970
17323857
17379574
17356511
17406207
17359077
17435522
17512748
17496756
17501157
17340267
17524141
17363990
17398351
17301747
17514011
17353990
17642787
17408687
17439867
17386804
17636395
17433841
17475164
17385116
17340321
17466040
17499697
17465436
17522326
17366714
17431913
17440990
17484230
17596887
17461873
17369086
17498998
17566370
17549456
17511512
17380659
17578919
17519929
17605574
17492984
17428164
17428261
17440258
17519815
17572824
17446024
17508803
17462561
17583259
17521516
17589428
17511038
17629359
17570545
17602109
17564492
17545493
17539257
17566831
17585049
17529384
17692302
17530093
17550689
17411536
17617540
17595572
17606966
17650121
17685581
17615849
17560957
17579463
17570434
17542890
17549877
17593871
17557211
17631327
17652122
17515070
17549125
17659686
17630488
17624710
17678125
17526072
17518350
17574500
17567660
17489038
17529462
17666998
17603163
17701038
17670564
17558036
17718232
17717831
17734956
17549523
17657231
17691872
17759390
17648872
17609724
17525502
17658485
17707678
17590306
17686092
17695018
17750114
17704914
17706073
17679924
17674539
17672463
17653341
17727893
17791295
17755042
17751543
17837611
17683465
17799740
17607043
17622609
17665000
17820649
17704903
17780260
17860604
17801349
17736188
17751628
17747949
17775939
17726843
17701566
17699399
17766194
17740493
17864329
17731098
17788434
17719751
17744123
17750082
17712839
17786022
17742397
17789673
17667913
17702189
17667255
17808260
17902778
17686138
17825906
17789090
17790343
17814720
17833573
17668848
17765422
17737590
17833308
17747578
17814119
17903874
17954958
17774828
17971518
17830537
17730012
17902270
17949496
17787515
18017362
17830816
17817931
17835632
17874835
17903796
17986722
17895270
17837094
17902947
17934340
17904935
17902808
17803614
17978268
17754248
18008706
17874421
17886591
17866118
17711720
17932691
17894113
17876488
17904506
18033846
17991782
17859739
17938621
17944558
17745686
17929247
17898179
17824898
18067089
18014022
17957003
18025079
17926189
18022434
17932121
17970175
17958760
17998369
17898270
17923662
18102678
17943249
18056356
17969424
17982351
18055879
17997414
18122075
17942845
17958877
17988005
17822539
17915913
18027983
17976547
17999397
17855715
17998082
18052821
17984472
18165448
18036406
17942603
17964639
18009002
18118017
18126740
18055292
18003023
17950813
17959820
17916791
18022496
18159437
17956818
18113780
17956695
17986314
18166192
18058742
18072581
18033287
18015558
17986362
18128220
18222667
18055146
18049923
18194599
18145144
18090289
18241832
18065194
18160617
18152473
18125489
18059648
18179739
18096226
18045025
18041094
18154644
18121158
17996320
17946761
18076973
18144559
18077234
18081574
18212405
18179717
18222917
18049135
18102165
18169687
18083692
18055659
18130784
18108237
18162562
18184274
18251141
18098651
18130236
18074179
18178273
18065851
18182810
18194563
18193168
18153195
18205543
18164510
17959008
18342209
18109241
18230475
18208519
18205816
18055988
18174188
18256423
18141809
18222924
18191967
18261218
18314814
18220539
18267572
18321271
18074926
18147782
18260638
18238962
18101050
18205724
18197802
18160810
18249373
18118467
18319134
18299630
18168581
18404194
18229682
18321477
18205502
18342679
18297295
18244496
18282587
18335330
18339425
18218432
18281975
18289017
18256241
18333533
18288589
18269778
18342165
18252164
18300199
18397652
18293095
18239772
18334411
18408052
18299374
18341194
18264175
18180930
18286212
18326368
18313058
18294649
18439377
18364030
18215041
18353776
18358050
18327609
18261922
18335738
18186310
18187853
18336124
18323122
18243648
18332891
18217095
18326621
18333158
18352448
18426935
18389835
18406065
18357263
18386409
18433312
18411828
18457965
18265843
18390391
18378844
18403297
18427793
18531550
18507116
18407335
18400765
18406047
18438048
18333814
18458625
18589895
18467863
18598579
18405996
18410311
18468534
18530469
18515032
18253317
18488022
18484337
18461800
18368596
18547226
18546367
18531199
18470361
18609385
18522375
18360153
18600995
18518802
18363761
18516574
18522708
18523101
18529994
18456484
18511463
18647869
18497943
18388183
18458042
18512373
18468970
18605440
18601726
18620359
18536287
18562705
18555904
18558852
18555141
18506782
18573568
18537027
18791044
18536557
18496411
18560098
18598343
18501077
18548835
18590243
18664797
18636334
18541791
18584891
18564175
18546927
18494253
18563342
18619534
18520481
18527751
18644687
18623976
18749643
18699058
18614097
18600590
18485995
18566387
18627381
18751022
18756606
18653400
18710680
18557709
18627432
18525167
18612762
18664697
18583393
18680721
18532529
18665162
18845410
18691083
18667204
18733890
18708295
18598261
18694951
18750054
18637034
18723836
18638819
18726784
18790613
18619913
18577972
18693175
18701554
18638037
18743124
18583745
18793863
18693047
18718078
18756021
18764968
18847771
18834106
18648883
18764197
18675220
18836795
18683733
18750942
18749585
18704740
18782678
18616005
18766076
18732741
18929388
18749337
19003756
18650292
18940405
18634710
18731437
18808775
18693960
18847290
18713294
18724905
18817392
18642541
18840259
18561558
18787943
18803545
18773889
18807771
18863042
18866757
18919584
18764156
18849345
18841660
18911157
18820078
18792769
18826761
18757307
18867390
18827865
18806774
18885962
18862019
18870023
18853014
18930973
18816095
18923551
18819857
18965694
18848806
18915271
18907079
18889984
18915381
18942546
18975389
18691836
18996814
18819238
18826260
18818042
18767772
18945366
18832324
18913832
18919175
18874184
18882822
18906817
18925397
18956641
18951932
18871910
18976477
18853846
18832832
18783515
18896665
18797636
18843523
18964706
18922184
18869436
18969935
18891747
18848418
18960256
18911240
18968710
19038941
18912154
19025362
18891935
18943716
18886365
18886227
18927219
19068288
18964108
18911154
18920942
19023527
18978364
18933764
18956603
19068364
18984963
19023240
18936000
18934683
19071721
19147653
18993392
19049916
19007115
18989043
19044864
18924524
19021697
19061046
18987265
18957914
19087016
18922567
19036784
18979160
18889772
18992362
19057931
19088259
19056023
19089729
18898077
18930701
18937470
19042312
19008913
18924185
19017500
18983279
19055346
19090992
18953262
19130852
18921534
19102624
19026881
18990918
19023687
19045713
18983551
19223735
19038791
18988715
19145254
19145632
19123802
18883727
19092053
19106983
19147297
19024565
19166908
19100972
19016690
19044956
19106906
19063443
19099235
19141279
19306055
19186885
19140462
19002647
19084683
19228375
19072614
19123179
19222451
19175048
19175959
19212921
19141249
19071176
19116985
19023813
19179973
19166028
19108714
19095041
19189573
19199307
19270357
19310638
19139328
19132282
19203185
19235160
19144066
19242185
19239956
19046969
19093511
19080442
19221973
19092355
19073508
19307228
19204783
19160596
19120702
19247030
19093867
19228076
19104467
19295845
19128209
19216600
19139662
19368941
19231431
19174917
19208915
19186854
19346204
19188497
19376595
19223058
19274656
19223776
19249418
19228151
19173861
19241723
19300247
19255251
19341523
19212891
19294587
19197193
19290581
19316506
19161381
19277058
19378387
19414673
19421146
19364708
19418508
19255406
19237049
19393207
19262019
19289035
19412890
19433207
19384793
19269021
19380241
19270111
19348173
19458731
19312208
19325076
19326424
19259546
19356799
19407615
19308763
19340726
19265470
19464268
19300815
19336041
19354811
19361696
19316903
19345542
19365648
19363389
19420917
19594082
19479783
19429883
19222342
19403896
19460571
19379140
19387889
19525863
19407936
19236781
19396826
19402279
19415248
19353809
19350645
19490764
19318119
19469236
19317550
19336822
19421801
19292556
19330512
19309111
19462969
19371364
19407626
19504762
19536828
19513672
19473904
19495582
19470274
19322941
19388330
19334250
19452833
19456573
19499075
19462723
19520458
19309908
19441271
19592980
19464053
19547678
19332816
19646241
19526365
19551561
19546407
19467415
19471291
19406253
19568233
19512322
19596239
19410559
19565439
19648974
19621274
19541656
19502969
19549401
19670559
19520004
19499383
19568256
19538263
19683167
19565932
19467182
19567648
19581517
19436713
19512041
19655825
19463535
19627666
19572775
19682426
19474317
19611168
19532993
19535041
19722385
19465473
19701381
19572356
19614257
19578218
19467633
19596935
19596599
19638006
19556046
19692982
19587370
19556381
19517743
19659873
19561790
19573531
19471277
19661975
19661840
19639390
19633196
19636165
19644667
19579830
19638411
19712394
19729371
19634135
19545557
19601786
19693261
19658503
19625690
19710576
19605694
19602145
19673841
19737903
19706840
19690547
19728665
19629434
19799426
19536757
19740086
19681842
19875409
19638302
19706429
19611860
19692506
19616356
19783823
19651567
19764395
19753976
19699487
19699606
19727938
19664710
19640469
19608552
19733988
19807583
19708914
19727383
19714165
19718822
19670565
19537829
19835188
19832540
19817037
19734375
19953510
19838400
19845685
19773744
19690490
19740794
19761540
19745870
19760028
19759986
19761589
19597641
19974202
19778585
19892379
19796967
19887739
19812772
19785370
19814184
19872999
19661279
19815667
19756216
19764735
19747039
19917572
19909376
19814797
19814012
19872741
19799734
19882310
19974058
19839460
19914191
19878674
19878658
19874456
19900564
19925324
19831662
19781109
19799350
19888857
19916254
19947145
19965109
20001002
19983710
19942422
19924796
19995481
19840662
20089875
19938462
20038427
19895388
19930971
19984677
20070870
19835590
19961512
20005432
19890358
19838252
20050948
20029285
19939244
19868118
19860009
19887263
19959262
20014994
20059498
20122269
19912240
19973718
20058787
20030911
19997440
20021436
20075026
20107492
19938312
20082574
20071019
19979487
19915592
20125422
20076848
19964106
19920084
20074214
19944476
20049205
20117447
20130544
20099369
19921814
20045821
20010268
20031828
20003354
19946941
20110010
20019428
20174454
19895315
20069228
20005763
20151882
20005779
20101329
20134411
20194479
20219314
20035317
20065931
20035320
20075800
20083866
19902953
19925026
20176661
20065883
20177861
20113907
20240827
20086040
20070791
20120890
19996738
20029399
19967108
20105738
20157646
20146286
20137404
20156813
20198863
20271214
20098005
20017836
20052368
20228668
20282153
20111384
20156845
20184738
20237213
20097788
20145739
20046079
20121590
20450041
20184451
20189625
20142865
20110008
20137111
20200352
20083944
20197066
19934364
20147970
20238862
20112885
20280791
20215736
20170708
20086211
20169323
20187399
20173736
20200078
20225183
20291445
20276250
20219003
20176463
20161779
20162529
20192723
20244190
20296779
20341159
20090206
20221808
20303564
20280245
20248039
20274799
20249944
20234575
20309911
20297227
20327192
20233866
20286577
20368381
20434316
20309247
20319790
20292463
20238024
20318022
20292003
20334929
20376740
20195832
20276291
20294198
20327373
20367056
20318826
20337969
20236711
20385007
20239611
20283518
20341412
20238366
20373755
20300981
20298911
20481981
20345878
20235492
20382145
20362332
20427476
20382168
20392102
20352750
20331479
20448889
20394415
20426341
20501468
20326696
20374634
20532974
20329127
20415417
20496392
20460430
20224561
20286449
20528388
20371861
20493211
20377915
20409728
20450612
20424255
20311630
20344158
20382228
20415060
20438501
20488055
20459268
20412142
20307024
20494960
20425253
20387329
20472607
20476535
20336048
20452743
20421124
20520150
20640721
20499628
20623010
20564238
20484716
20334255
20474455
20368311
20452845
20472999
20458266
20407651
20494853
20508943
20441517
20346507
20476302
20514002
20469763
20601592
20420751
20603917
20581264
20512449
20548115
20568837
20602334
20389938
20461397
20434452
20508767
20454175
20376859
20574518
20548497
20487483
20510992
20432784
20486212
20532184
20531072
20511121
20675191
20630180
20558709
20483334
20562666
20636317
20461492
20439922
20516214
20612158
20535019
20576449
20606564
20618981
20550584
20609909
20456386
20616335
20554184
20654805
20495431
20674169
20455650
20761004
20552822
20656633
20509245
20652241
20417021
20692553
20686920
20601446
20569033
20652536
20777462
20652325
20733914
20547868
20553613
20620221
20753853
20625416
20551364
20643584
20738325
20773944
20611348
20743695
20630014
20695519
20567393
20769482
20707005
20666182
20644887
20794013
20665998
20719827
20763685
20829310
20677124
20674306
20630825
20641982
20591126
20537131
20635913
20824196
20715613
20660450
20625534
20697761
20773772
20724427
20673008
20656191
20882609
20620153
20570719
20794499
20590634
20843137
20698919
20661613
20785347
20696859
20709205
20851316
20716867
20893553
20649720
20791054
20741723
20787696
20673827
20885683
20761828
20689804
20863032
20773659
20714863
20786142
20723311
20745718
20886624
20732005
20795055
20843156
20864025
20802814
20790563
20875106
20830427
20688658
20680031
20771456
20806607
20891220
20888129
20848847
20837316
20785248
20677989
20903123
20790503
20817789
20944920
20862389
20853670
20724362
20926649
20880946
20732208
20947567
20850652
20819517
20764874
20787662
20923688
20831896
20859313
20926382
20859894
20779594
20852734
20831291
20938937
20882269
20858050
20772040
20834859
20735528
20881338
20976316
20872205
21079144
20825814
20879979
20892815
20948897
20893678
20823742
20886124
20913824
20952687
20921272
21071415
20947462
21010948
20913819
21002543
20939288
20826733
21054323
20931861
21097223
21005878
20799028
20915125
20908263
21004168
20975053
21073825
20855991
21012500
21166082
20996945
21049910
21090360
21134805
21093476
21056848
20987824
20914449
21108429
20973831
21048280
21114080
21054707
20952718
21066942
21040923
21107212
21032918
21091397
21074235
21091816
21077439
20880680
21180647
21009139
20960098
21131580
21038856
21100764
20962712
20997125
21019279
21146660
21161316
21201576
21069684
21195621
21157807
21154136
21095550
21084460
21156208
21173105
21300249
21060052
21205435
21187991
20867691
21122859
21146266
21010465
21080299
21097326
21170332
21182767
21071274
21090191
21145639
21048748
21137675
21164598
21258713
21035554
21172963
21175164
21073423
21137652
21196319
21137274
21222482
21277277
21130360
21102830
21223221
21197174
21161176
21284796
21093978
21055828
21217368
21138239
21154245
21100409
21280717
21171973
21361105
21300018
21211498
21226091
21153724
21118094
21202980
21411224
21103778
21274358
21243384
21314155
21107496
21116297
21180616
21261266
21361905
21369412
21221141
21279513
21212467
21316682
21234072
21313759
21261327
21297038
21319278
21146872
21291248
21222755
21183858
21255823
21260839
21324528
21206882
21213013
21263819
21357947
21321944
21158418
21398876
21414726
21359684
21207259
21375760
21275674
21280866
21411316
21300497
21298409
21395431
21420165
21323426
21360272
21435786
21203239
21391920
21298900
21433563
21291537
21281364
21357462
21238750
21431569
21339779
21407925
21359231
21352954
21414650
21253035
21440936
21472953
21328456
21406838
21452335
21510480
21382596
21526943
21376190
21366331
21265861
21496762
21457599
21296067
21338892
21434002
21427057
21447080
21313191
21452162
21409273
21354190
21504988
21416190
21417738
21385563
21424000
21452640
21411792
21476616
21458818
21534924
21488924
21426647
21282713
21570788
21394402
21459691
21469375
21596739
21516100
21551905
21522228
21424491
21431911
21485241
21387358
21366681
21491153
21504513
21521219
21433983
21412928
21490126
21545308
21518610
21577490
21528630
21628130
21674458
21599793
21621310
21492140
21552851
21412444
21433751
21525921
21459186
21572102
21605501
21487527
21344122
21520328
21666623
21601238
21625263
21694545
21545123
21621556
21560901
21562551
21663142
21505962
21447517
21617268
21648027
21472298
21460721
21683816
21540400
21588077
21575884
21645404
21651415
21654262
21664730
21583580
21625394
21639279
21748737
21684573
21653096
21607974
21702329
21689366
21547208
21606020
21687884
21764876
21655283
21554515
21686538
21570625
21780333
21777378
21534077
21668019
21856782
21592142
21684312
21683028
21708368
21595069
21781574
21538272
21636723
21636999
21718716
21821043
21638647
21692302
21542623
21816963
21652933
21720993
21704910
21583031
21658085
21793224
21619320
21782300
21750761
21767828
21748102
21748562
21705620
21715227
21679480
21786787
21813150
21781031
21742007
21798982
21674881
21826199
21838251
21845570
21699959
21783707
21877479
21902075
21769259
21701418
21891275
21770135
21845256
21803659
21819087
21827040
21767574
21738942
21787684
21759542
21755762
21944024
21883392
21766370
21873703
21957074
21782277
21844435
21986055
21878739
21822971
21932477
21820838
21803313
21881823
21914828
21858058
21835763
21842626
21961820
21828476
21806988
22010681
21867998
21948565
21852154
21931583
21905561
22023595
21952398
21903327
21881405
21917093
21935383
21929850
21868316
21949819
21958871
21970304
21945349
21876345
21880825
22015129
21925420
21860875
21834025
21913424
21910326
21888391
21871561
22062563
21956659
21990649
21826382
21993203
22019168
21969270
21968777
22102494
21962503
21765162
21980727
21995519
22058993
22005612
21833062
21921860
22002797
21918005
22028045
21933856
21932031
21990213
22020729
22004813
22007794
21773315
21911459
21988767
22023730
22101543
21879567
21890013
21943871
21999372
21972737
22008561
22145796
21945128
22074235
21923848
22133589
22107683
22049479
22033929
21907723
21847311
21938313
21986811
22037416
22126264
21885037
22027744
22039898
22161905
22063161
22023739
22095477
22056057
22091582
22144416
21951468
22034778
22171892
22125266
22136704
22032039
22110792
22083201
22039745
22118499
22130282
22077533
22206224
22253498
22245160
22060404
21983432
22108347
22128241
22121687
22359008
22152991
22093445
22016191
22078941
22022769
22090186
22163115
22158955
22227958
22118433
22146821
22194143
22177543
22333179
22244065
22109497
22117183
22223291
22058851
22196976
22176918
22211587
22247599
22189072
22144183
22240577
22177875
22290148
22078952
22278357
22233001
22078769
22324474
22197903
22306887
22131149
22108621
22256281
22064364
22246533
22083368
22341047
22153620
22298051
22284846
22112337
22372659
22197682
22225008
22223864
22261168
22360073
22301489
22175482
22352601
22181236
22182310
22005523
22221191
22211559
22271186
22301371
22276520
22358485
22310215
22314415
22212636
22141274
22293562
22234436
22197455
22285321
22475278
22498952
22240552
22397753
22483407
22297330
22262635
22241031
22324673
22211629
22456858
22325262
22181596
22358852
22202016
22484150
22265402
22348944
22188289
22360453
22313952
22409179
22306427
22301166
22272448
22489079
22315391
22308352
22260800
22311449
22403587
22412137
22306738
22308405
22282066
22369357
22253940
22333191
22369848
22281264
22384352
22350063
22439871
22309144
22362513
22341896
22494321
22321884
22311008
22251498
22655309
22344710
22362796
22366577
22506204
22438905
22484325
22352980
22473717
22468685
22522860
22412856
22539887
22503545
22361788
22552725
22353481
22592008
22456298
22588522
22499182
22501274
22523523
22246672
22441902
22407507
22449082
22415922
22493495
22377928
22558743
22470377
22580412
22566488
22627667
22430628
22531169
22401435
22436159
22502936
22572362
22456750
22526056
22422684
22351931
22488278
22463750
22573476
22649331
22547618
22625680
22471509
22605684
22627632
22442311
22521551
22457855
22511754
22504611
22562853
22603473
22646081
22552336
22624695
22511120
22491691
22625648
22575599
22643499
22663429
22557338
22543648
22627945
22484020
22597132
22554888
22564492
22586551
22631192
22627120
22591987
22611787
22696167
22491436
22699693
22647030
22587666
22615005
22600774
22557535
22554377
22551880
22703673
22720793
22587379
22781111
22674855
22622347
22699018
22784234
22604503
22758252
22807427
22745877
22483427
22596233
22631335
22538824
22650427
22728341
22816795
22604207
22688167
22680812
22689589
22700843
22623935
22771597
22786340
22819839
22656058
22825901
22646610
22653891
22750564
22574755
22686877
22716302
22739650
22919380
22551273
22638975
22598870
22650447
22790496
22763397
22664153
22763806
22783643
22721644
22811913
22708789
22682525
22840378
22720260
22703487
22590195
22776976
22841645
22716168
22711271
22653882
22761555
22713923
22866162
22863043
22899487
22727590
22846458
22837867
22775062
22830122
22858343
22892933
22773093
22926953
22701294
22842206
22709878
22865755
22760335
22897532
22885424
22918073
22778035
22870687
22844408
22768176
22768368
22878485
22988457
22969283
22947317
22842127
22808707
22850136
22827938
22864424
22852360
22846550
22862785
22697447
22853898
22661949
22979241
22972178
22810104
22799935
22990370
22857095
22911555
22867420
22972390
22787420
22846239
22803879
22911127
22817275
22904129
22850203
22901941
22872214
22887994
22936650
22869298
22868986
23013840
22883582
22856439
23041910
23012532
22922941
22908963
22909180
22794081
22927766
23042412
22872730
22863291
22975826
22843755
22998799
23010027
22909722
22958175
23024686
22994561
22981147
22932286
22994042
22937349
22922329
23035887
22886932
22988993
23027909
23068257
23038714
22923356
23006929
23020533
22922093
23062527
23008669
22976684
22965949
22986706
23042354
23038466
22859304
23020363
22979156
23076596
23037427
23067085
23012680
23130396
23117321
22948167
23149517
23115819
22998324
22941637
23123903
22932490
23016981
23134391
23123735
23055208
22970825
23126875
23105167
23166054
23183636
23007208
23009709
22920967
23142199
23227723
22966057
23163217
22947491
23026501
22930933
23136449
23133294
23009284
23117412
23142863
22945159
23049409
23123962
23095576
23087233
23218951
23138518
23119798
23187785
23195355
23285146
23164109
23182441
23283991
23311718
23316262
23096618
23270141
23164206
23203883
23178207
23133322
23069994
23177492
23199600
23178102
23219058
23262297
23343995
23253974
23173423
23149013
23274092
23079221
23358346
23151300
23249694
23184054
23107232
23236795
23080292
23273442
23401353
23186400
23257596
23220206
23193082
23226643
23233667
23196984
23137720
23189273
23342022
23405382
23197943
23209081
23296015
23148125
23073576
23256555
23393933
23194608
23191132
23174430
23364994
23167810
23298083
23326520
23326616
23238649
23286617
23197026
23229306
23260292
23303344
23230873
23227330
23275302
23372314
23298707
23356288
23417352
23313215
23358804
23335302
23177752
23388261
23192636
23446788
23247200
23272934
23344627
23290857
23457861
23224929
23313338
23335693
23465106
23439897
23418367
23333336
23525761
23403929
23391106
23337804
23343471
23392089
23273824
23295118
23349570
23383197
23425044
23449261
23548296
23421739
23178124
23321780
23396713
23483603
23375726
23402478
23591777
23599405
23390456
23439984
23507936
23293418
23401168
23298988
23341978
23378890
23156748
23448540
23358733
23464814
23431807
23372800
23487587
23450817
23566048
23464088
23464995
23388096
23634245
23608840
23412117
23604349
23533739
23336442
23323096
23375069
23544296
23298769
23585694
23529398
23405734
23552831
23538039
23470472
23532144
23489063
23455123
23415539
23709773
23447550
23579607
23509452
23458150
23349622
23459608
23446972
23545929
23689513
23535549
23608074
23652608
23556676
23505250
23654531
23644633
23613404
23636198
23434365
23611661
23653667
23567523
23556591
23529011
23654000
23554472
23591422
23671008
23607257
23714223
23600281
23667168
23527894
23641465
23581108
23773195
23705350
23651501
23626865
23678147
23600451
23530177
23782681
23651530
23552091
23607646
23646215
23620398
23648178
23587599
23604488
23701648
23648394
23646465
23593884
23859160
23711803
23600347
23745845
23690970
23642050
23723452
23699355
23631363
23658666
23620071
23736446
23527263
23754108
23625315
23916156
23865851
23795544
23728715
23660544
23827147
23660449
23749492
23545689
23758427
23943238
23653565
23705495
23837369
23655931
23545924
23617316
23744541
23607233
23796882
23750896
23953871
23780695
23878779
23683833
23756575
23893357
23667947
23758188
23679164
23924256
23685444
23782410
23803123
23786339
23873127
23687810
23795030
23690470
23839066
23766626
23745634
23776629
23691590
23869460
23786317
24005745
23969004
23795101
23757679
23841492
23932315
23894429
23774623
23745873
23831919
23856089
23778251
23937511
24011570
23671150
23849149
23804981
23861642
23798907
23829421
23828311
23681219
23921760
23683343
23923472
23868787
23922944
23776515
23945472
24020641
23908237
23863263
23962443
23923396
23922413
23966624
23885995
23984430
24008516
24095638
23960576
23897764
23756599
23840063
23931839
24017308
23985636
23858490
23911839
23866800
23989740
23818252
23898938
23920603
23988735
23953895
23837943
23933543
24146177
23945442
23865952
23964603
24097514
23912281
23908942
23967511
24005525
23853604
23886778
23928863
23983848
24230568
24067902
24081692
23855335
24126342
24089580
23984031
23956724
24086028
23992374
24053452
24089681
23955189
24023392
24145779
23907205
24026172
23909383
24020175
24102177
24103905
24163338
24295460
24042258
24015034
24221015
24054136
24203396
24201255
24127081
24011106
24299230
24050162
23859924
24066002
23902228
23993683
24055765
24162669
24029329
24042805
24103349
24059679
24014569
24108048
24181896
24136644
24124269
24241227
24159047
24180193
24105856
24068679
24081548
24126157
24375914
24012339
24091041
24116776
24034153
24113347
24158058
24089992
24230431
24030918
24278195
24009887
24157915
24071939
24275206
24289170
24069873
24185151
24106465
24046830
24298878
24195285
24267671
24112901
24128082
24177567
24239377
24320185
24240006
24374781
24227419
24242228
24337995
24244404
24089705
24154299
24314868
24254416
24202156
24093582
24224234
24099901
24400513
24090349
24187639
24208080
24226479
24344249
24357010
24428078
24270763
24359601
24208153
24204497
24302059
24260505
24237975
24312819
24203454
24215318
24384175
24235752
24304758
24401878
24293358
24349023
24320024
24299264
24235757
24443229
24279139
24277153
24309087
24220673
24299032
24441413
24332705
24507562
24341642
24301074
24319323
24373401
24378386
24272624
24426845
24394862
24303904
24245839
24441487
24406034
24182241
24275798
24414419
24345892
24414514
24288055
24287071
24234344
24440549
24395811
24322461
24244380
24293562
24454239
24258900
24327934
24361021
24376538
24220327
24363137
24225549
24249514
24126762
24145002
24249036
24213208
24316530
24406686
24218614
24240566
24251302
24274235
24189232
24200680
24274106
24173143
24296390
24414341
24337848
24196017
24182566
24233476
24229673
24195277
24196358
24331027
24161840
24263267
24316636
24138704
24204380
24174138
24199257
24271858
24190055
24239872
24309142
24201445
24134739
24390783
24097662
24100543
24165406
24278579
24267022
24207608
24266149
24063463
24150777
24293191
24129812
24101595
24175353
24188615
24065186
23957839
24018461
24123759
24223552
24158864
24042210
24157565
24058802
24136093
24058959
24239104
24135453
24177100
24246458
24006166
24192419
24048857
24165466
24175405
24174482
24140641
24120262
24091728
24136307
24146549
24122681
23949061
24071177
24227323
24042605
24051943
24263535
24089908
24205074
24093130
24130026
24239069
23902999
24136182
24132741
23991926
24000019
24061425
24115254
24156606
23977338
24076393
23950793
24084289
24173704
24033079
24055033
23942897
24101389
24095979
23995402
23990331
23996356
24074259
24196013
24078579
23956592
23937236
24105637
24016526
24055976
24014367
24030849
23890564
23947923
23836135
24053016
23993472
23852642
23956084
23910870
23960890
24052759
23927616
23908641
24048388
23978987
23999931
23912770
24082188
23957766
23989758
23907688
23822094
24048261
23771678
23925338
23979485
23718189
24016876
23916089
24008655
23771829
23939301
23918764
23892080
23830612
23939859
23944625
23896816
23832064
23958744
23973429
23902082
23782327
23787211
23847512
23979390
23923589
23857146
24098315
23800784
23837377
23876353
23803600
23979129
23830023
23897005
23709869
23895640
23697625
23845010
23993580
23831631
23833727
23759140
23873148
23781287
23698561
23757969
23861150
23803694
23890102
23768632
23787179
23855050
23631649
23889523
23782330
23958124
23794773
23780560
23900777
23940857
23839425
23776803
23819830
23784382
23793459
23785436
23770137
23677342
23731919
23635431
23743691
23886225
23753103
23827693
23674483
23866015
23724968
23776200
23796109
23786094
23881911
23734012
23679544
23656630
23715220
23773955
23685676
23803841
23775916
23597656
23721146
23719229
23802036
23697845
23776015
23621381
23861985
23643585
23721609
23692956
23763163
23739395
23676048
23699103
23835884
23620382
23739332
23733797
23648253
23772724
23748000
23773673
23783171
23736344
23804769
23800732
23773973
23735878
23564533
23611110
23630747
23796693
23669175
23631852
23662351
23739556
23456820
23671428
23559667
23730132
23652136
23610120
23675710
23552035
23555390
23523285
23682504
23702498
23781380
23531237
23534505
23607898
23633236
23653187
23529903
23541208
23576530
23533460
23511481
23600541
23488496
23677546
23676607
23623912
23652556
23522578
23486249
23463208
23579552
23472547
23533895
23566223
23423265
23429208
23382609
23584634
23480166
23417769
23550664
23504910
23622245
23501760
23537720
23664852
23567166
23610348
23511069
23583770
23545599
23391683
23630844
23443643
23608244
23496684
23521052
23503054
23550489
23415741
23270080
23459880
23412885
23518264
23469805
23445421
23606166
23441445
23464901
23445149
23533290
23570812
23456348
23450675
23566919
23472244
23374930
23463573
23455799
23432839
23361742
23413051
23550319
23448088
23474092
23363758
23401308
23311433
23539176
23197846
23281834
23438882
23414426
23312473
23446894
23360276
23351305
23379742
23397004
23356147
23323876
23299959
23292692
23453115
23198194
23200378
23299991
23429283
23522991
23445558
23342678
23417212
23228132
23452409
23419658
23189582
23345662
23307874
23419235
23496042
23241668
23293244
23142472
23279512
23200138
23237939
23350824
23378850
23463824
23258473
23461668
23365550
23334499
23288635
23320309
23162536
23307400
23304344
23435989
23146779
23412544
23083426
23288027
23300101
23323271
23207028
23297810
23418131
23227397
23340246
23250228
23210904
23167084
23313135
23227626
23294890
23236391
23262112
23202211
23356360
23317297
23191955
23163334
23241423
23275233
23299484
23285552
23114359
23292217
23213008
23114305
23239926
23235287
23275461
23166637
23221587
23072736
23300276
23206872
23154187
23077293
23228536
23139182
23203447
23199964
23190613
23096815
23111101
23219363
23036489
23097307
23230242
23178596
23204966
23198852
23290331
23104187
23145502
23029266
23159705
23224251
23217808
23225822
23028314
23143338
23162283
23130784
23015935
23231209
23218635
23031247
23258531
23009129
23078564
23043730
23036209
23068765
22995798
23042614
23210455
23200558
23294955
23092538
23224238
23057104
23236919
23079865
22945319
23113541
23033992
23122094
23039397
23085425
23049037
23117925
23104094
23002708
23089676
23002463
23107283
23054015
23114352
23143636
23005298
23023670
22884762
23053608
23074404
22967676
22963072
23049376
23097259
23127439
23183366
23084066
22919287
22987660
22867413
23011024
22964274
22934092
23016949
22930498
23074719
22912715
23025758
22914351
22936763
23071128
22914795
22840584
22898537
22973411
22930385
22974924
22871323
22976668
23005981
23108781
22906835
23018426
22956597
22872308
23006804
23062972
22924801
23041230
22905383
22972902
22945031
22837944
22876568
22990659
22931046
22987974
22949553
22944888
23004820
22919900
22820858
22954002
22983266
23029846
22959013
23012825
22802217
23054170
22917145
22913640
22779684
23002444
23023898
22843131
22902934
22767860
22798948
22902755
22846348
22722113
22821678
22871621
23065283
22786596
22945679
22815057
22860947
22827215
22861624
22944944
22981065
22885165
22928277
22832591
22701025
22811940
22925838
22825050
22913237
22865844
22920590
22735878
22890827
22824237
22952791
22908721
22840499
22924109
22875002
22782766
22481061
22798833
22772846
22743277
22762906
22799840
22741377
22724878
22608176
22631380
22751161
22871041
22674887
22732376
22787814
22811557
22614946
22740293
22628124
22720414
22730270
22843825
22818241
22812196
22697751
22798319
22708439
22748862
22646136
22673379
22889197
22720599
22724923
22735509
22764480
22634023
22730292
22649759
22672434
22703535
22826038
22831994
22848280
22602041
22693502
22666527
22676740
22641864
22600688
22646461
22522933
22833362
22714627
22759478
22679175
22665705
22754335
22670790
22679063
22641252
22578686
22552931
22645747
22589208
22644314
22579580
22596837
22700909
22699674
22578112
22668348
22521715
22642888
22607856
22738573
22724967
22760515
22474951
22576182
22578409
22582305
22558626
22560783
22785197
22541923
22605057
22686850
22643823
22760635
22428749
22519091
22655550
22445763
22459280
22674258
22696024
22534619
22526001
22609371
22463150
22551170
22589720
22682614
22507162
22711698
22587558
22628901
22516524
22596803
22511346
22514275
22479468
22526845
22509975
22527518
22391837
22454687
22524813
22379409
22519210
22554610
22510809
22562902
22622740
22660507
22385885
22495580
22523650
22615971
22499115
22520255
22539691
22458529
22577498
22599169
22529384
22354195
22428479
22634184
22437873
22397991
22411817
22418896
22263570
22471221
22308964
22428697
22476867
22503231
22436852
22391708
22383696
22500080
22373511
22512110
22589834
22397790
22437636
22392398
22556064
22369837
22412044
22479355
22542089
22475076
22502302
22341996
22471450
22545956
22414357
22473210
22498433
22453719
22350934
22456145
22250459
22270589
22260316
22405865
22353976
22274822
22429312
22439224
22447376
22244429
22504604
22393639
22440698
22480935
22319834
22457337
22254592
22257457
22443078
22327182
22366237
22279081
22398300
22383399
22245463
22318665
22372582
22279598
22211527
22286277
22240602
22505571
22277398
22378448
22391647
22346397
22325466
22321509
22437158
22334877
22279406
22408640
22487895
22269609
22335954
22387629
22173267
22317536
22273381
22338381
22223089
22346130
22177194
22365285
22236315
22226454
22300452
22300454
22441776
22470089
22273217
22300944
22266014
22252293
22217297
22256265
22208509
22223969
22123850
22086359
22308398
22426149
22200609
22235615
22479193
22255607
22413152
22390301
22286017
22136851
22239845
22171396
22213296
22132524
22267354
22287378
22066833
22249376
22189940
22160333
22158057
22284656
22330468
22156688
22177703
22209834
22115340
22217223
22207858
22204637
22152170
22153213
22011375
22290855
22096382
22150238
22368431
22304878
22101787
22206341
22160116
22124533
22153060
22333936
22219759
22190668
22250800
22236329
22068049
22081495
22080616
22116428
22153377
22201913
21982957
22233313
22108746
22144267
22170404
22120174
22204951
22108417
22224571
22144237
22103260
22074478
22006357
22244055
22013485
22192401
22098940
22151057
22014939
22166947
22025256
22310944
21984155
22071782
22195826
22120948
22053770
21944495
21941287
22044382
21988720
22087760
22126778
22034288
22052441
22077430
22059577
22106174
22059319
22035188
21939852
22269153
22057079
22126563
22104867
22055438
22068050
21920574
22013844
22004428
22069113
22004736
21925691
21979912
22166135
21982799
21978148
21859817
22051835
21878219
22076935
22078562
21927817
21938522
21914872
21945805
21991056
21872328
21926029
21960264
21940346
21982237
21869057
22005077
22043579
21936030
21835773
21978415
21900174
21982082
21896247
21942746
21903906
21881639
21908294
21917824
21936625
21977240
21886257
22083544
21846849
21921398
21859714
21922832
21997200
21995725
22018905
21857085
21780082
21969107
21798360
21957178
21877636
21784739
21995928
21973452
21776129
21826364
21937040
21785776
21839878
21955538
21796875
21670132
21880435
21909314
21884507
21827132
21857273
21905179
21731212
21750441
21774616
21790284
21799797
21865953
21916643
21758427
21728543
21942579
22018527
21760813
21883190
21821192
21840617
21914329
21884449
21820176
21865924
21819703
21789549
21761364
21857356
21967210
21747444
21745751
21660193
21689267
21878716
22001102
21919117
21760099
21957976
21735208
21729675
21858613
21812538
21728788
21818662
21649761
21777668
21853258
21730788
21858762
21686685
21658516
21698397
21782202
21742148
21857884
21672282
21743273
21803768
21837045
21571926
21566665
21605866
21840376
21716503
21655813
21673100
21671273
21620744
21796400
21687012
21768969
21593536
21688184
21662691
21707022
21620621
21557295
21654960
21620972
21665882
21639454
21695511
21759961
21713426
21653862
21677291
21557232
21607183
21705523
21692154
21665263
21496429
21482349
21706724
21573167
21697014
21701916
21585379
21665723
21594428
21584349
21580163
21752913
21583360
21601847
21692215
21640850
21548104
21500441
21639794
21694034
21722901
21549885
21630370
21662850
21672644
21610017
21597249
21656616
21631084
21619063
21510911
21580602
21647140
21524996
21548850
21705892
21484479
21522205
21657779
21558949
21558214
21450535
21529874
21499926
21464479
21462517
21514215
21527391
21581919
21478426
21483132
21645570
21466183
21595060
21521838
21451262
21523610
21407144
21529183
21235268
21523604
21659826
21475454
21420513
21555577
21482117
21397909
21364046
21455751
21384416
21602299
21399574
21478996
21505441
21513954
21478321
21552417
21572136
21525419
21479829
21421338
21347279
21478667
21359955
21381692
21435553
21352332
21395428
21627011
21533497
21583214
21483119
21481009
21402887
21392818
21504004
21383312
21496345
21426035
21359530
21448279
21261229
21415751
21304433
21380574
21490374
21483095
21532645
21451809
21461375
21278265
21438307
21361130
21402308
21344260
21382958
21410125
21306369
21429555
21320709
21298687
21382178
21267227
21338241
21422609
21506248
21326157
21246574
21316964
21480186
21171435
21270360
21377308
21463375
21272983
21238003
21318496
21338528
21194304
21324443
21340375
21229816
21276797
21351707
21482886
21323911
21275284
21434039
21228043
21121515
21158510
21293477
21284361
21311064
21362933
21150175
21460347
21304415
21302972
21336198
21311610
21189671
21209609
21086353
21176321
21139702
21326744
21161488
21102123
21153353
21241994
21188876
21235316
21219496
21238709
21247386
21168477
21145378
21417929
21155393
21088688
21064830
20995512
21158875
21221192
21073510
21040375
21215219
21098037
20962507
21228219
21116837
21242364
21255833
21195019
21229759
21190325
21172449
21088219
21042028
21252169
21191622
21255906
21155575
21099216
21219622
21143651
21197651
21062340
21125354
21112287
21081274
21016370
21022014
21060731
21107219
21116971
21042280
21034347
21074447
20989456
21054249
20975384
20993224
21005553
21131416
21204123
21235412
21080042
20943025
21088817
21051748
21169830
21040272
21014218
21049695
21036048
21021699
21011101
20953984
21170623
20993872
21111243
21092138
20984254
21030507
21172562
21069680
21081631
20948390
20928114
20947836
20979157
21066666
21104111
21018583
21033237
20993154
21095265
20998038
20999087
21014393
21082586
20987413
21026658
21222546
20992201
21065441
21037292
20993447
21009337
20967314
20972327
20936902
20914518
21022832
20997708
20972684
21063167
20954621
20875059
20940664
20917536
20880829
21140792
21021993
21033590
21026423
20929933
20970700
20867309
20976251
20990721
21100567
20962366
20955012
20881504
21046292
20791755
21046607
20944888
20767559
20976942
20874029
20955370
20850723
20921998
21024434
20817466
20841178
21006256
20792695
20879723
20945096
20886368
20958799
20871131
20824271
20881657
20709302
20883609
20893299
20902241
20790708
20913621
20827062
20909717
20815125
20915362
20931554
20838877
20835351
20883024
20776702
20867123
20821419
20737384
20799753
20802821
20723167
20851827
20720670
20935175
20820113
20830882
20872930
20779603
20802243
20809127
20755030
20690939
20750835
20737464
20789740
20799055
20789526
20767999
20719916
20653145
20703853
20651097
20715560
20716502
20658017
20748487
20825509
20807993
20701934
20814170
20636999
20695683
20780120
20756749
20661450
20678656
20783362
20732453
20705987
20728004
20839567
20563879
20725567
20769569
20609937
20495213
20603514
20710693
20642468
20584335
20714851
20525230
20572157
20626331
20553915
20610872
20595206
20717866
20558527
20772606
20658416
20523569
20636355
20587825
20702898
20577765
20677094
20704504
20630282
20614954
20625993
20597010
20663248
20663958
20707441
20543016
20562482
20660266
20560557
20648209
20684547
20599139
20526651
20546172
20474208
20543135
20650193
20592900
20547870
20468261
20645952
20607723
20760099
20661829
20616030
20545097
20606407
20690140
20549004
20460996
20489212
20700706
20569211
20435376
20595501
20472009
20480910
20385611
20614057
20595726
20475599
20574109
20490120
20465004
20601570
20509757
20568728
20588907
20588789
20482334
20458718
20601241
20363413
20570672
20576119
20531510
20577066
20548930
20466644
20479794
20452377
20471698
20422169
20492285
20339637
20532187
20527809
20511833
20489610
20545734
20573518
20421116
20478716
20389678
20444702
20425669
20394547
20425160
20446259
20460093
20478402
20347895
20296108
20516222
20283504
20475148
20383514
20560236
20450390
20464593
20459593
20415285
20308625
20415465
20312511
20513883
20438332
20342681
20462142
20355101
20479745
20449462
20444873
20333488
20452861
20384930
20406452
20422722
20427377
20344906
20341472
20499771
20245313
20369726
20455942
20480714
20417523
20336877
20366983
20255387
20289378
20263995
20347499
20224693
20335583
20311185
20360266
20346903
20259316
20317261
20319871
20231715
20463971
20193680
20275972
20255830
20378806
20402968
20313863
20259164
20297833
20247245
20242116
20370566
20246521
20319549
20361383
20149795
20390189
20180722
20208070
20220115
20146979
20186730
20282248
20204158
20366603
20398915
20240247
20274529
20164300
20277273
20106000
20271488
20189948
20323295
20133006
20207755
20260195
20196458
20121638
20208667
20118987
20153826
20174604
20195904
20208933
20240516
20218563
20146749
20289210
20237682
20239552
20249075
20128162
20228039
20299798
20291550
20148003
20166128
20312708
20172133
20200493
20089272
20257991
20145212
20102986
20312044
20247416
20142850
20135661
20094054
20262467
20200124
20104364
20244973
20126916
20072634
20248649
20081824
20104631
20096153
20167951
20026960
20161231
20067130
20110844
20025743
20079595
20176383
20219835
20009010
20155521
20066739
20116389
20033785
20029032
19940030
20031778
20134592
20079383
20075310
20027742
20083347
20117817
20066076
20055166
20175804
20063161
20174322
19931763
20140186
19988739
19954228
19955273
20114579
19895570
19988750
19998147
20004763
19966212
19973814
20091360
19944058
20187296
19988172
20028555
20010025
20013236
19960811
19899402
19975321
19944815
20032712
19919303
19972425
19933380
19982136
20000926
19942698
19942868
19872230
19935594
20000935
19912233
20048116
19868889
20071220
19927930
19911536
19872030
19956583
19934937
20009781
20065106
20003517
20093080
19903187
19759398
19917892
19898270
19807334
19821032
19995734
19916846
19861304
19987974
19730455
19950800
19931192
19761172
19954133
19806220
20081678
19905881
19847154
20047149
19904014
19797090
19783184
19810709
19835274
19779675
19769402
19775220
19691115
19867446
19873946
19823615
19840524
19844247
19870477
19899251
19854195
19630586
19968026
19760759
19821245
19755928
19908032
19724647
19848348
19788403
19827023
19757283
19746888
19806690
19851163
19860072
19871145
19870100
19799866
19766213
19859498
19754499
19760907
19726744
19790687
19701140
19616867
19749510
19703496
19719513
19654099
19780007
19793974
19665217
19842019
19742084
19852219
19706742
19664946
19675276
19680217
19669671
19692867
19662440
19515131
19748936
19665844
19778999
19710785
19688473
19803204
19785753
19795105
19854411
19687856
19752590
19676087
19745676
19549619
19652247
19573707
19733472
19590255
19765508
19655663
19823283
19654841
19572155
19603576
19670824
19596881
19771343
19639425
19597679
19667573
19532949
19676514
19473424
19595394
19596734
19701031
19745190
19536614
19797038
19660518
19573643
19540637
19629356
19589253
19673589
19594766
19661613
19599683
19566201
19587968
19682317
19542009
19551316
19645407
19641799
19645741
19562101
19629747
19546530
19541471
19750456
19663482
19543614
19515442
19594917
19508881
19537960
19454668
19532599
19648430
19520712
19594845
19529371
19569781
19537191
19553896
19414532
19726837
19545998
19468851
19577696
19622076
19607952
19371106
19499296
19490991
19618565
19630396
19357023
19565659
19617965
19606448
19437267
19509345
19448603
19432134
19528376
19521495
19435322
19568499
19484111
19475972
19454229
19521576
19516125
19412570
19524183
19452163
19473492
19499172
19434192
19520772
19568553
19513077
19655347
19368362
19499633
19297961
19574516
19427837
19345207
19466148
19477038
19518063
19394999
19323685
19482915
19364619
19312603
19429455
19372656
19378146
19219855
19447334
19327839
19406438
19369586
19458766
19416658
19270090
19437640
19354223
19360859
19377162
19327742
19276165
19419740
19522188
19393500
19396985
19363899
19427832
19337491
19422306
19357264
19337521
19365533
19415919
19267466
19408052
19197600
19427532
19333247
19405424
19316586
19272251
19244748
19477864
19369772
19228296
19508080
19318406
19318889
19213897
19354066
19259100
19217511
19384380
19452074
19279012
19267893
19302413
19344344
19283670
19231366
19314393
19343219
19500676
19292700
19338596
19388776
19339349
19215028
19370088
19251513
19221322
19259765
19335062
19210542
19297682
19170527
19138942
19230100
19168564
19343099
19234935
19149286
19312541
19184985
19275531
19260252
19320145
19353553
19266475
19337344
19295041
19155722
19184436
19276837
19171125
19263336
19331050
19112430
19125605
19192074
19206423
19296193
19104369
19196154
19113667
19240767
19294616
19056617
19230048
19130413
19323074
19242794
19161696
19147958
19160216
19136196
19008103
19300964
19206648
19250956
19147668
19084778
19165568
19254624
19069415
19166096
19233409
19145689
19006629
19088881
19182296
19180949
19137770
19100084
19209534
19182096
19148659
19025389
19077602
19067323
18981608
19089371
19108148
19256598
19001761
19045476
19074731
19137438
19062607
19026778
19021775
19099751
19098402
19036633
18993473
19033758
18940767
18978677
19016233
19043255
19360724
19094372
19052475
19023755
18977464
18967939
18980550
19017702
19101159
18914304
18988652
18935162
18911294
19098160
18904230
19011841
18946883
19104983
18958581
19119349
19103150
19079633
19063796
18920197
19059363
18926737
18929470
18945738
19069734
19026251
19091135
19073127
18999169
18978957
18942483
18906724
19004181
18972700
18912638
19029132
19017881
19231997
18792886
19016287
18894123
18826103
18757931
19025800
18989536
18980404
18845317
18966081
18867257
19020487
19019209
18885779
18958081
18803279
18828027
18958991
19013195
18795641
18921414
18868496
18931444
19026706
18996057
18881551
18873675
18958572
18826899
18934387
18923531
18977589
18853422
18731644
18947634
18799812
18699159
18765725
18879354
18784573
18753982
18822708
18821252
18849838
18867573
18975259
18836909
18816345
18860099
18917955
18731180
18869641
18827952
18879204
18763806
18704136
18885811
18792437
18805692
18735104
18816917
18804991
18951615
18704227
18887623
18771473
18762288
18807750
18755924
18933433
18703001
18716941
18824017
18816848
18755114
18827269
18785144
18665150
18797100
18761301
18816648
18749041
18652101
18750377
18777824
18801586
18808914
18729226
18715561
18793886
18698990
18699124
18789342
18804506
18814720
18760888
18738929
18712565
18807416
18714060
18785340
18694745
18713815
18617175
18642858
18760676
18572513
18754091
18778008
18682091
18610912
18706162
18652116
18768123
18667170
18665941
18604768
18667346
18634994
18671270
18579226
18706389
18639802
18694132
18535379
18617036
18506976
18594470
18705134
18625260
18744889
18674709
18689327
18682947
18669251
18616160
18548559
18631851
18679037
18568335
18604948
18626905
18637507
18670287
18693295
18557183
18623194
18599827
18719754
18523709
18529466
18617243
18448903
18617187
18664374
18606418
18564302
18510833
18621343
18542239
18666975
18592621
18626112
18623022
18597390
18588119
18604800
18695795
18468304
18632538
18436034
18524538
18534364
18585185
18527829
18583308
18498404
18434875
18396017
18605514
18601808
18666730
18467645
18595760
18450927
18500282
18393182
18485299
18415133
18508828
18465945
18445325
18510585
18572608
18516516
18486585
18422128
18673303
18672849
18464913
18520498
18569095
18433826
18575863
18547120
18391848
18470390
18484605
18481599
18387778
18358104
18394444
18411532
18472403
18462645
18511978
18427384
18438174
18360216
18458590
18443470
18483815
18315896
18329604
18431391
18424256
18379978
18410191
18465235
18380922
18215430
18398924
18306140
18381539
18375677
18251537
18292947
18468440
18505513
18348147
18305157
18403950
18321553
18404335
18408025
18375080
18325926
18393747
18316958
18288877
18245372
18356852
18293436
18436946
18340566
18444835
18273069
18378749
18307306
18297518
18315871
18368110
18315106
18225204
18335255
18342096
18298727
18345486
18163595
18326637
18309953
18366057
18269845
18252178
18193370
18288375
18420300
18175019
18303344
18398939
18134481
18285431
18192230
18202087
18160778
18265819
18302189
18264849
18263484
18143113
18201964
18350664
18177761
18192562
18168549
18215467
18175715
18228752
18310287
18275297
18183179
18408262
18343705
18155922
18220402
18221750
18128609
18249661
18107130
18176638
18083774
18205134
18229242
18159614
18250211
18165837
18052244
18120633
18156539
18091863
18167473
18186349
18262172
18058019
18086527
18033131
18041180
18121128
17955931
18125195
18098000
18226125
18116926
18161115
18146480
18201867
18029754
18005482
18171487
18060091
17994188
18134214
18222621
18142126
17868122
18096960
18028392
18187722
18052821
18123381
18121006
18159510
18090044
18035653
18043231
18086604
18118288
18112779
18042444
18079464
18078573
17926118
18134801
18130744
18154121
18164633
18103037
18033792
18072225
18166532
18093351
18031855
18161521
18038157
18041776
18056769
18146829
17990759
18014580
17954111
17933361
17986462
18082356
18007155
18037024
18031117
18023241
18103639
17961801
17955820
17975361
17970710
18085754
17886075
17986167
17909597
18050147
17902251
17899063
18026307
17774499
18013303
17985386
17979641
17876098
17883751
17967662
18044677
17826761
17871843
17971921
17970208
17970587
17872909
17955011
17960741
18010111
17846520
17998416
17929127
17914692
17966673
17917223
17820784
17988999
17921480
17803353
17957696
17889840
17879553
17962360
17884331
17918539
17864791
17978991
17847888
17823580
17858499
18010099
17937619
17892340
17890733
17833888
17943933
17880931
17951267
17866635
17882455
17822530
17990097
17942777
17885469
17912526
17781435
17726227
17782212
17807966
17833523
17747739
17746880
17777297
17816250
17813747
17762152
17681264
17906165
17796298
17810749
17856330
17700428
17794953
17816204
17729328
17803133
17750584
17702671
17698492
17673230
17769534
17711507
17845000
17721291
17749499
17805195
17754177
17805768
17754209
17766866
17658479
17590988
17766537
17662670
17855648
17828147
17597723
17689375
17720909
17824056
17573412
17626886
17715863
17767781
17652074
17719667
17810784
17686197
17836351
17675177
17657493
17626712
17604484
17727303
17650552
17671293
17661143
17636973
17686388
17767069
17754682
17647764
17670530
17698546
17678174
17633864
17721316
17682808
17761021
17654484
17789903
17625912
17668257
17617994
17638657
17569279
17741814
17663235
17726998
17614038
17579202
17606870
17496303
17648484
17606289
17723787
17594123
17618261
17406455
17592871
17557003
17624549
17615005
17480244
17537934
17596042
17479389
17482567
17537718
17564160
17443738
17604795
17480299
17435581
17599457
17499742
17450611
17539348
17524013
17395234
17475925
17428550
17636095
17444015
17601389
17569194
17499661
17546617
17379292
17509593
17661167
17547948
17537374
17540724
17414096
17496227
17382056
17617659
17458669
17499186
17486063
17551796
17474424
17291515
17592341
17518639
17500002
17427519
17489529
17458274
17385780
17429346
17553361
17415408
17370395
17368035
17476172
17316299
17380262
17513249
17383723
17411956
17234241
17455954
17452608
17276003
17490366
17390733
17330304
17397648
17453102
17370132
17347244
17328400
17444723
17321212
17348953
17359690
17303995
17330354
17381889
17316077
17455501
17319774
17449036
17248311
17424683
17403071
17422546
17273124
17359535
17313757
17431474
17479173
17338445
17303065
17305019
17303424
17406472
17441840
17367318
17354370
17464754
17338467
17325322
17402313
17403493
17296650
17386441
17419594
17362297
17419340
17311515
17263826
17353143
17322997
17239296
17237029
17237433
17462526
17183288
17373637
17382449
17438194
17281279
17332843
17312300
17251216
17314735
17144373
17216663
17338465
17320549
17324424
17317088
17399345
17362063
17370714
17286131
17233732
17307436
17310067
17300080
17290196
17366413
17193525
17242337
17366715
17327039
17140549
17322926
17262500
17211312
17236768
17208015
17244637
17233744
17190263
17127201
17052775
17200927
17176833
17102763
17085298
17231901
17374432
17198321
17129249
17329032
17075748
17256345
16981602
17260497
17235328
17119005
17057795
17165084
17139849
17200281
17287588
17140701
17008452
17133995
17180477
17264361
17180674
17167610
17145059
17144856
17178417
17044883
17113760
17086393
17172578
17192822
17198119
17156051
17123238
17170244
17148459
17169410
17132063
17165481
17143212
17196288
17123863
17081846
17168533
17071173
17102616
17031807
17107781
17128574
17144400
17146794
17128149
17090635
17213095
17059541
17144618
17079541
17159622
17041226
17063586
16984230
17165645
17005035
17119068
17046419
17111266
17075004
17029101
17017465
17048060
17016938
17066908
17029061
17046588
17244845
16909564
17090583
16909506
17068779
17126795
17068009
17004021
17014565
17091886
17000728
17001511
16959623
16974718
16932564
17005128
16957168
17095083
16984941
16976211
16887255
16991689
16857861
16924575
16970809
17000126
16942521
16901354
16960384
16832019
17088537
17077566
17049044
16891192
16974738
17056545
17032533
17086714
16904759
16865143
16966903
16901137
16873219
16819393
16954206
17024156
17030295
16823005
16882568
16909614
16851854
16858396
17046793
16900438
16871586
16924267
16942370
16959351
16822633
16922441
16929397
16895354
16774268
16932945
16981231
16862756
16848658
16816609
16875964
16814387
16829172
16748103
16884173
16920112
16876968
16717956
16786171
16778175
16879413
16738621
16723162
16895355
16714811
16680185
16837938
16883063
16947138
16788567
16822690
16872467
16772626
16908750
16815207
16735912
16802503
16908182
16743307
16717510
16843442
16812689
16773986
16802384
16975376
16706184
16843504
16801677
16833028
16845960
16672122
16715868
16762037
16659819
16693638
16661538
16706376
16692272
16730966
16650449
16902904
16754876
16720348
16728058
16665135
16792689
16601631
16715616
16694619
16762904
16726912
16575029
16682464
16730961
16653321
16677081
16571677
16611301
16706551
16860653
16705654
16684454
16501664
16778556
16729266
16549117
16673831
16587315
16646139
16686902
16624450
16623091
16519589
16475693
16651166
16572887
16733714
16613957
16505666
16550001
16785062
16587121
16651970
16509655
16580740
16573326
16660404
16600093
16564178
16556778
16493305
16659674
16605382
16604464
16666145
16421039
16479860
16555363
16435830
16598870
16623084
16527441
16621132
16583182
16626562
16543254
16615353
16411735
16550250
16523402
16519987
16610453
16519848
16599918
16701410
16411189
16491660
16522667
16661382
16629121
16342891
16434397
16561614
16479314
16552279
16434332
16493515
16475548
16583559
16413778
16427484
16629071
16466572
16590580
16381917
16451530
16478838
16413101
16460355
16480867
16471493
16494922
16390620
16625764
16456843
16544574
16547335
16508126
16475693
16448532
16463744
16441501
16460117
16508850
16490503
16400955
16438937
16532077
16375559
16377678
16433690
16369796
16473114
16427529
16347994
16402626
16520943
16533829
16584279
16323507
16409638
16389811
16426648
16336324
16404625
16477811
16327898
16325683
16364115
16404003
16443065
16439439
16384757
16389261
16418097
16332481
16326542
16457052
16379665
16387493
16415193
16384223
16385560
16361890
16315893
16392895
16349131
16284249
16406115
16259455
16410784
16292084
16263410
16345854
16376892
16361604
16292690
16300900
16304359
16387391
16251137
16286723
16445600
16272693
16319381
16315728
16295529
16329896
16355986
16186509
16354505
16292604
16249748
16222618
16121579
16231809
16272649
16292087
16309021
16329515
16385071
16318901
16164941
16373512
16310662
16281125
16158673
16318304
16267472
16204233
16366709
16200579
16277303
16291740
16122319
16231948
16154368
16291519
16162312
16263293
16265856
16190928
16291727
16253581
16155448
16131798
16319766
16163743
16154001
16193217
16282908
16358909
16129382
16113983
16281023
16297170
16189378
16040581
16234232
16104672
16202423
16241305
16109512
16239322
16175809
15980509
16213334
16181695
16279242
16130073
16227210
16073638
16187593
16211179
16220308
16068406
16120309
16144061
16188455
16132915
16088642
16061628
16122013
16152551
16104857
16275312
16006162
16085342
15987136
16091151
16187003
16222749
16090242
16168312
16122168
16080244
16052740
16083232
16025610
15998660
16049750
16127566
16177594
16031476
16194428
16043197
16151513
15979285
16173074
16099340
16094744
16274024
16006158
16027002
16127242
15941331
16005754
15972962
16046141
16073698
16039787
16081775
16041101
16006345
16105544
16075333
15985398
16129436
16024072
16003336
16084951
15998815
15998317
16025845
15942869
15882269
15885944
16000633
16091006
16073516
15982889
15961041
15924703
15998975
16047880
15972511
16108353
15864365
16051131
15960494
15925727
16006032
15893057
15964308
16023271
15864049
16015461
15952662
16080055
16034448
15983243
15965556
15805707
15997065
15934001
15997219
15903409
15890461
15923129
15847277
15899252
15905792
15856176
15942265
15972860
15969147
15958930
15978322
15983622
15902870
15959520
15871013
15864990
15911383
15797076
15769562
16063388
15846839
15921033
15823015
15884336
15887125
15897729
15790319
15937783
15825028
15783200
15876847
15742571
15848882
15825118
15749321
15957800
15783270
15882462
15788351
15818927
15873383
15810988
15862182
15914610
15997818
15809209
15862892
15824597
15799058
15831322
15947903
15820099
15765750
15867779
15738858
15850649
15790310
15814888
15870628
15743958
15802702
15826131
15815322
15863481
15746452
15743406
15792349
15706581
15713196
15723933
15894011
15601209
15822551
15694544
15754291
15684731
15717954
15669431
15707144
15822458
15710817
15607906
15686910
15672468
15836251
15746622
15760834
15695899
15715038
15730013
15654210
15722144
15691531
15800719
15692179
15715981
15750601
15694471
15700435
15678780
15810335
15745625
15725421
15718384
15681612
15631487
15624145
15744172
15634325
15692145
15578140
15659542
15700864
15701338
15728061
15591886
15518209
15519556
15659334
15691822
15630290
15631714
15638465
15635680
15729922
15678561
15679094
15543003
15622218
15556377
15609583
15644560
15569094
15612913
15556535
15694777
15619455
15611681
15675792
15704523
15638546
15486955
15613744
15481832
15550545
15535880
15573185
15471406
15551216
15511771
15529550
15597291
15567819
15583703
15512916
15478855
15542784
15482984
15536080
15492206
15459853
15524853
15505030
15527331
15417130
15714518
15486028
15558186
15471141
15441967
15616990
15488973
15575151
15566485
15394144
15420236
15546134
15504602
15544322
15460195
15470551
15505881
15484663
15405389
15602424
15530083
15522383
15364270
15340330
15432633
15417360
15291670
15497701
15427067
15385472
15415464
15364880
15459904
15367680
15391597
15447160
15474911
15429429
15483980
15341211
15399638
15298565
15522413
15547758
15428035
15329702
15329815
15435983
15401072
15492160
15450393
15365571
15377540
15302132
15391432
15291590
15447038
15279078
15420598
15486786
15346977
15464721
15284032
15344305
15310920
15351642
15355546
15394877
15366043
15309012
15339186
15288394
15239283
15317699
15241623
15296462
15361499
15326589
15452746
15204077
15282258
15462396
15262481
15307906
15404246
15347263
15387010
15345744
15158186
15329472
15334460
15321313
15209477
15284082
15360066
15275771
15324351
15172314
15296734
15397791
15206772
15327187
15401473
15325504
15287971
15224335
15309136
15338466
15245342
15196544
15313031
15239061
15281109
15363630
15212787
15170447
15351870
15155730
15155395
15159515
15203066
15251222
15259335
15236438
15345920
15227303
15226277
15161855
15308832
15033891
15222591
15305900
15247556
15320496
15262271
15152199
15231283
15349879
15178188
15257094
15166030
15169949
15245132
15307671
15203795
15393094
15105356
15231296
15239644
15258296
15212889
15290132
15303689
15226607
15162839
15220136
15240774
15149817
15160039
15312957
15095418
15182667
15145410
15244972
15114992
15206975
15092209
15050017
15036845
15095474
15115626
15229136
15128954
15074881
15117121
15138821
15014419
15186596
15099559
15156867
15052256
15138049
15062583
15144100
15147246
15111625
15171680
15041746
15044809
14993576
15202158
15186298
15050799
15178483
15041601
15138588
15070929
14977247
15124220
15076785
15041415
15087618
15039272
15135163
15015472
14879642
15097439
15052524
15003679
15012334
15085187
14999959
14954304
15056673
14952203
15014417
14965809
14987443
14880148
15021585
15033776
14921117
15004983
14996643
14941869
15002014
15137317
14983615
14940746
14903954
14948440
14993183
14976430
15064993
14950101
14973919
15001587
14914131
15001334
14951986
14960556
14920693
14890184
15094981
14847505
15031647
14964557
15008674
15053472
14847134
14960372
14891049
14932177
14898380
14907820
15003134
14871110
14821729
14938081
15150013
14881176
15102469
14863397
14942398
14783210
14982786
14800600
14930340
14878395
14795096
15030434
14858912
14842844
14894848
14905962
14920334
14948372
14826520
14970364
14865695
14951801
14828274
14812232
14905569
14834338
14765403
14806597
14819492
14811760
14771911
14805006
14877506
14908690
14812308
14817924
14794374
14888133
14843466
14905641
14821622
14807153
14799981
14841955
14750395
14836962
14852328
14733644
14731022
14820443
14807470
14893618
14903751
14817102
14927679
14665275
14775279
14746753
14763174
14791205
14704365
14800075
14816296
14776456
14747044
14781987
14790025
14720057
14768995
14725341
14817720
14761889
14777343
14835116
14706196
14824602
14810009
14745296
14625310
14686061
14725453
14656342
14651732
14662774
14694784
14685882
14704652
14775646
14704391
14696053
14656658
14628288
14628385
14673396
14633939
14649800
14684214
14576905
14637078
14626454
14733088
14695338
14604356
14647490
14595539
14588425
14562909
14621034
14696803
14706729
14563662
14645510
14521541
14698706
14604092
14712717
14698081
14586661
14601099
14556316
14765641
14566241
14655428
14512842
14717861
14665646
14640431
14545847
14763530
14529542
14570859
14459700
14544624
14565522
14571190
14688730
14555260
14570518
14551752
14579898
14649664
14528898
14616587
14629643
14451253
14675954
14557481
14551471
14636234
14682157
14621039
14540681
14485030
14531340
14596737
14536312
14619038
14549160
14503827
14541523
14486763
14554669
14596444
14591947
14549170
14477132
14407463
14547116
14523889
14537721
14506145
14641396
14591649
14541244
14497560
14472207
14538050
14502517
14468902
14492653
14365666
14402876
14366381
14472932
14494572
14353008
14505872
14430580
14447630
14343457
14500408
14516593
14500989
14315431
14455795
14472635
14462523
14388511
14372410
14375163
14446379
14268000
14437981
14458959
14501815
14451329
14400096
14382189
14362034
14378385
14407128
14328007
14471704
14381410
14419922
14335290
14338038
14306992
14318467
14412122
14370905
14401876
14353449
14455400
14466933
14342676
14435969
14317954
14245822
14388724
14268707
14389226
14372409
14348669
14425007
14348070
14365337
14256911
14296203
14347839
14404241
14305251
14385526
14337987
14373696
14365554
14273274
14266786
14407843
14310079
14302443
14312486
14309608
14349171
14291741
14333412
14174314
14319981
14303191
14161197
14290083
14283351
14215262
14293005
14286504
14178351
14278104
14373102
14279314
14198897
14252680
14195869
14340727
14296419
14184309
14214137
14277130
14189029
14210601
14179691
14108158
14208836
14307634
14317970
14159619
14178252
14163600
14182729
14219865
14273632
14180264
14267847
14190426
14115516
14156833
14246025
14180376
14208907
14173713
14211642
14068065
14146229
14147305
14195553
14172815
14154858
14130450
14037005
14168453
14189528
14242228
14140365
14301319
14053256
14123482
14082632
14022858
14117274
14033339
14110788
14066229
14137052
14124534
14198300
14123503
14165429
14143376
14234658
13966355
14137487
14109013
14133900
14113223
14091076
14052835
14088103
14219060
14054611
14175305
14168437
14095011
14106106
14032719
14093362
14076501
14188642
14112411
14040401
14084670
13931875
14040008
14143005
14020263
14075741
13961832
14065758
13977037
13929180
13984045
14020048
13987567
14033624
14034767
14052200
13939772
13948908
13914249
14040017
13887629
13948481
13973613
14024670
13956789
13950625
13994773
14062905
13940760
13978579
13963924
14088937
14060625
13926276
13988257
14036820
13882036
14059396
13934641
13931453
13775432
13870778
13990294
13872535
14021573
13915305
13857684
13973705
13896560
13980209
13983032
13885028
13909126
13864764
13824179
13935734
13938885
13884462
13878017
13910782
13927947
13874785
13936127
13854144
13915371
13959999
13826504
13852625
13987476
13932327
13917675
13867368
13959764
13853302
13803682
13813162
13816945
13871658
13870785
13878283
13841702
13784197
13896672
13898379
13893866
13873122
13932111
13868944
13920378
13831830
13800651
13797573
13777300
13790127
13941363
13684848
13749689
13874380
13895196
13793305
13862646
13889959
13916080
13724896
13712583
13866999
13732127
13661890
13911118
13831765
13896597
13632166
13736533
13829051
13776463
13690230
13775894
13636547
13793510
13809475
13838777
13680881
13688412
13788878
13713003
13659912
13820081
13696644
13728908
13805825
13725653
13693200
13718006
13691428
13600106
13719408
13685387
13782736
13770546
13623800
13753750
13730502
13810521
13713155
13713870
13701227
13711418
13576835
13682818
13672793
13682552
13682156
13734763
13637892
13713563
13750019
13649076
13688468
13633471
13643319
13602137
13678355
13600023
13680457
13777675
13671972
13584971
13608364
13674957
13677796
13664412
13627838
13740458
13666455
13463299
13577993
13611785
13702603
13613758
13575517
13600544
13548796
13561684
13632695
13574199
13662179
13594475
13530445
13514144
13574555
13522148
13650632
13510119
13584572
13398248
13613032
13467686
13536685
13627124
13541165
13498760
13638881
13510375
13425575
13610095
13461553
13575713
13587041
13573419
13599726
13505094
13549586
13434537
13581436
13610986
13528119
13543636
13482469
13611775
13486829
13584614
13459552
13533786
13546296
13514455
13452582
13630116
13561897
13615537
13564368
13594835
13428521
13379717
13497177
13583241
13414292
13426168
13510964
13418500
13549853
13516257
13595199
13495479
13518061
13459680
13452677
13432194
13412920
13486747
13482991
13451977
13374715
13447450
13392214
13399163
13475435
13465709
13491912
13327955
13457591
13422341
13467112
13395454
13482655
13327550
13512314
13467084
13377806
13289421
13461531
13384976
13382706
13394141
13382856
13320177
13399940
13413641
13277197
13393990
13224673
13390598
13261106
13305357
13327766
13376743
13346138
13223197
13401593
13250511
13308229
13257701
13394863
13356875
13240228
13209969
13370305
13390376
13247508
13361521
13269125
13373128
13314350
13375211
13288475
13361105
13283693
13244152
13236262
13276254
13315699
13297935
13350047
13207166
13328341
13162860
13283932
13170447
13251212
13302917
13261455
13271276
13283746
13231981
13126100
13332173
13220827
13273413
13185709
13353079
13256611
13277995
13284038
13224878
13259848
13358620
13167027
13271297
13208621
13203964
13187422
13177977
13219724
13277699
13221053
13206924
13169371
13083267
13192690
13134292
13143001
13147648
13246842
13167738
13215848
13044451
13209091
13162524
13177268
13119762
13136476
13218509
13173573
13020844
13144625
13082544
13217965
13097374
13155624
13051154
12971855
13038400
13150488
13113261
13041303
13028067
13124776
12995903
13221097
13195094
13159343
13093511
13155149
13171660
13009557
12949541
12950270
13078703
13023998
13032134
13094874
12981690
13045202
13048087
12991819
13128095
12991309
13082867
13065812
12957275
13036947
13017251
13018484
13150619
13117033
13111194
13031740
12974914
13059625
12931132
13021432
12925904
13009692
13034966
13042335
13039289
13010154
12917697
13010676
13125860
12970854
13016307
13013399
13027963
12973285
13027141
12983657
12929763
12907490
12942624
12965369
13033618
13033276
12976348
12918541
12988823
13034218
12971014
12985419
12935232
13009706
12886100
12861302
12924752
12963147
13077493
12950389
13009917
12935279
12913118
12919287
12885463
13006428
12804036
12942235
12883262
12766362
12886108
12899491
12903213
12886558
12895470
12982641
12913663
12877384
12848116
12949560
12977074
12839577
12792104
12943687
12798803
12858803
12883114
12851340
12840625
12931567
12818731
12802726
12891271
12915985
12900554
12849147
12832422
12869438
12779739
12899548
12832957
12817121
12862258
12834305
12794346
12823750
12814621
12894966
12713891
12671516
12806881
12741137
12701557
12775222
12809955
12812757
12677043
12803805
12784514
12820774
12657630
12742447
12818023
12653172
12796471
12750556
12776283
12783975
12694676
12771083
12742114
12841568
12702285
12718618
12887367
12833677
12670720
12801217
12682429
12854728
12684537
12816959
12679552
12707149
12577391
12672484
12758423
12762412
12645085
12691925
12737620
12726299
12676653
12697134
12739283
12693181
12691228
12727406
12754049
12652200
12625730
12828387
12655937
12593008
12709572
12750265
12646394
12674884
12618293
12622971
12558929
12625408
12731838
12603247
12813260
12702954
12650809
12648459
12610710
12644612
12617417
12628814
12684488
12627072
12570573
12611771
12611937
12570577
12620093
12589504
12677608
12495321
12572998
12584019
12584371
12537601
12627419
12621076
12695854
12594749
12573997
12595182
12518932
12757703
12514401
12528180
12450280
12668716
12516064
12510312
12491859
12592310
12544052
12533896
12456128
12565633
12640822
12527027
12468435
12463826
12543245
12616638
12573513
12544108
12511911
12499888
12586821
12433726
12543768
12505452
12511731
12646653
12490888
12413091
12629992
12359834
12512056
12554595
12568257
12588413
12433341
12470591
12576243
12446786
12526899
12438540
12446815
12476562
12468317
12476219
12433049
12320795
12469673
12391661
12378085
12460074
12464999
12446878
12441988
12405102
12486519
12366157
12375127
12404118
12373635
12319602
12460093
12429291
12427613
12379982
12423764
12354037
12456549
12357667
12362700
12391309
12388155
12319551
12306205
12326259
12317810
12388402
12238053
12400114
12402055
12394879
12406002
12384094
12400889
12383994
12408754
12290073
12236024
12356084
12301008
12331135
12355160
12410648
12257862
12341082
12313140
12370944
12294987
12330188
12151040
12418718
12254994
12422052
12328218
12255573
12223094
12298965
12308254
12222250
12345218
12382153
12339739
12317964
12197021
12447680
12279614
12325244
12196264
12337291
12367385
12341300
12205926
12196418
12283996
12342451
12294138
12155657
12201344
12286359
12261716
12204614
12178004
12311567
12218438
12228610
12329627
12286011
12276352
12283781
12272156
12217085
